0.0,1.672496592136385
1.0,0.8027300368431121
2.0,3.8189370295726635
3.0,2.17256349261758
4.0,3.1340081590282436
5.0,1.6824608919295807
6.0,3.6093494618238826
7.0,1.1393269041916398
8.0,0.8408501905078856
9.0,0.014257061633422996
10.0,1.8757026726854442
11.0,2.3950060453269315
12.0,1.782435847690207
13.0,1.5560101068741603
14.0,0.8773837618708882
15.0,2.799700232681669
16.0,2.816873229159584
17.0,0.31813481064187643
18.0,2.715301822065693
19.0,1.924397838683097
20.0,0.06348529288414761
21.0,1.378285260060263
22.0,0.29997875504218596
23.0,3.762567684754756
24.0,0.04379226238330736
25.0,3.349104778568567
26.0,3.655809812592375
27.0,1.3353237190294922
28.0,2.196566647116285
29.0,0.7505974099673782
30.0,0.040620809834116756
31.0,3.060892027795734
32.0,3.2558533313982028
33.0,3.183238419740575
34.0,0.035428787771657255
35.0,1.7161367742502507
36.0,1.469126979154323
37.0,0.46747389071755396
38.0,0.06009374645879584
39.0,2.3999375042657207
40.0,0.7460409722592463
41.0,2.80978904891629
42.0,2.6963329562797065
43.0,3.1152363466186066
44.0,3.566503327448682
45.0,0.5750582562382784
46.0,3.750347461241274
47.0,0.4186110049016971
48.0,0.840096236092537
49.0,3.3894196162229617
50.0,3.163093205179264
51.0,1.0432537118664476
52.0,0.8971369828748648
53.0,1.0674481488462102
54.0,1.6770104213263162
55.0,2.4832741374792575
56.0,0.40495890442942306
57.0,3.2519335003648795
58.0,2.5938069119584473
59.0,1.23427093321
60.0,3.2412741910195906
61.0,0.6740991379093888
62.0,0.008668601038332113
63.0,0.7171501576032933
64.0,3.219757964824432
65.0,0.5866311876063071
66.0,1.5820582163949233
67.0,1.8691985927816992
68.0,3.0512784195298512
69.0,2.19141656907763
70.0,1.2110372608364592
71.0,3.9684529019387234
72.0,1.0374762149824734
73.0,2.7784200104689005
74.0,0.8878329552661666
75.0,1.464435554819723
76.0,2.7316783972708887
77.0,1.8116634399364213
78.0,1.584150613801103
79.0,2.420359872404377
80.0,3.1654138056383374
81.0,2.3427996646361273
82.0,0.1755136699205586
83.0,3.6289381617976284
84.0,0.22707799468423362
85.0,0.902305835934532
86.0,3.220694141466189
87.0,0.5459576548234182
88.0,1.3925756069373243
89.0,0.4128506482020833
90.0,2.83708011162526
91.0,2.8928216900200243
92.0,2.2460523011034197
93.0,3.688924627894077
94.0,2.9636036800614427
95.0,1.111281671541808
96.0,2.0921066423159003
97.0,3.731349265629231
98.0,3.978639194391813
99.0,0.8106207208086547
